year	plot	trt	depth	perC	perN	CN
2008	11	C2	5	41.70	1.83	22.85
2008	11	C2	15	41.70	1.83	22.85
2008	11	C2	30	41.70	1.83	22.85
2008	11	C2	60	37.67	1.41	26.75
2008	11	C2	100	42.53	1.38	30.73
2008	26	C2	5	41.70	1.83	22.85
2008	26	C2	15	41.70	1.83	22.85
2008	26	C2	30	41.70	1.83	22.85
2008	26	C2	60	37.67	1.41	26.75
2008	26	C2	100	42.53	1.38	30.73
2008	33	C2	5	41.70	1.83	22.85
2008	33	C2	15	41.70	1.83	22.85
2008	33	C2	30	41.70	1.83	22.85
2008	33	C2	60	37.67	1.41	26.75
2008	33	C2	100	42.53	1.38	30.73
2008	44	C2	5	41.70	1.83	22.85
2008	44	C2	15	41.70	1.83	22.85
2008	44	C2	30	41.70	1.83	22.85
2008	44	C2	60	37.67	1.41	26.75
2008	44	C2	100	42.53	1.38	30.73
2008	12	CC	5	32.08	1.60	20.11
2008	12	CC	15	32.08	1.60	20.11
2008	12	CC	30	32.08	1.60	20.11
2008	12	CC	60	27.72	1.21	23.00
2008	12	CC	100	29.66	1.17	25.33
2008	21	CC	5	32.08	1.60	20.11
2008	21	CC	15	32.08	1.60	20.11
2008	21	CC	30	32.08	1.60	20.11
2008	21	CC	60	27.72	1.21	23.00
2008	21	CC	100	29.66	1.17	25.33
2008	35	CC	5	32.08	1.60	20.11
2008	35	CC	15	32.08	1.60	20.11
2008	35	CC	30	32.08	1.60	20.11
2008	35	CC	60	27.72	1.21	23.00
2008	35	CC	100	29.66	1.17	25.33
2008	43	CC	5	32.08	1.60	20.11
2008	43	CC	15	32.08	1.60	20.11
2008	43	CC	30	32.08	1.60	20.11
2008	43	CC	60	27.72	1.21	23.00
2008	43	CC	100	29.66	1.17	25.33
2008	14	CCW	5	35.51	1.69	20.96
2008	14	CCW	15	35.51	1.69	20.96
2008	14	CCW	30	35.51	1.69	20.96
2008	14	CCW	60	40.26	1.57	25.73
2008	14	CCW	100	30.63	1.34	22.81
2008	25	CCW	5	35.51	1.69	20.96
2008	25	CCW	15	35.51	1.69	20.96
2008	25	CCW	30	35.51	1.69	20.96
2008	25	CCW	60	40.26	1.57	25.73
2008	25	CCW	100	30.63	1.34	22.81
2008	36	CCW	5	35.51	1.69	20.96
2008	36	CCW	15	35.51	1.69	20.96
2008	36	CCW	30	35.51	1.69	20.96
2008	36	CCW	60	40.26	1.57	25.73
2008	36	CCW	100	30.63	1.34	22.81
2008	42	CCW	5	35.51	1.69	20.96
2008	42	CCW	15	35.51	1.69	20.96
2008	42	CCW	30	35.51	1.69	20.96
2008	42	CCW	60	40.26	1.57	25.73
2008	42	CCW	100	30.63	1.34	22.81
2008	16	S2	5	45.67	1.49	30.61
2008	16	S2	15	45.67	1.49	30.61
2008	16	S2	30	45.67	1.49	30.61
2008	16	S2	60	42.80	1.80	23.73
2008	16	S2	100	38.35	1.61	23.78
2008	22	S2	5	45.67	1.49	30.61
2008	22	S2	15	45.67	1.49	30.61
2008	22	S2	30	45.67	1.49	30.61
2008	22	S2	60	42.80	1.80	23.73
2008	22	S2	100	38.35	1.61	23.78
2008	34	S2	5	45.67	1.49	30.61
2008	34	S2	15	45.67	1.49	30.61
2008	34	S2	30	45.67	1.49	30.61
2008	34	S2	60	42.80	1.80	23.73
2008	34	S2	100	38.35	1.61	23.78
2008	45	S2	5	45.67	1.49	30.61
2008	45	S2	15	45.67	1.49	30.61
2008	45	S2	30	45.67	1.49	30.61
2008	45	S2	60	42.80	1.80	23.73
2008	45	S2	100	38.35	1.61	23.78
2008	13	P	5	39.03	1.14	34.27
2008	13	P	15	39.03	1.14	34.27
2008	13	P	30	39.03	1.14	34.27
2008	13	P	60	36.56	1.11	33.06
2008	13	P	100	37.42	1.03	36.33
2008	24	P	5	39.03	1.14	34.27
2008	24	P	15	39.03	1.14	34.27
2008	24	P	30	39.03	1.14	34.27
2008	24	P	60	36.56	1.11	33.06
2008	24	P	100	37.42	1.03	36.33
2008	31	P	5	39.03	1.14	34.27
2008	31	P	15	39.03	1.14	34.27
2008	31	P	30	39.03	1.14	34.27
2008	31	P	60	36.56	1.11	33.06
2008	31	P	100	37.42	1.03	36.33
2008	46	P	5	39.03	1.14	34.27
2008	46	P	15	39.03	1.14	34.27
2008	46	P	30	39.03	1.14	34.27
2008	46	P	60	36.56	1.11	33.06
2008	46	P	100	37.42	1.03	36.33
2008	15	PF	5	40.10	1.15	34.78
2008	15	PF	15	40.10	1.15	34.78
2008	15	PF	30	40.10	1.15	34.78
2008	15	PF	60	41.32	1.09	38.05
2008	15	PF	100	36.63	1.11	32.97
2008	23	PF	5	40.10	1.15	34.78
2008	23	PF	15	40.10	1.15	34.78
2008	23	PF	30	40.10	1.15	34.78
2008	23	PF	60	41.32	1.09	38.05
2008	23	PF	100	36.63	1.11	32.97
2008	32	PF	5	40.10	1.15	34.78
2008	32	PF	15	40.10	1.15	34.78
2008	32	PF	30	40.10	1.15	34.78
2008	32	PF	60	41.32	1.09	38.05
2008	32	PF	100	36.63	1.11	32.97
2008	41	PF	5	40.10	1.15	34.78
2008	41	PF	15	40.10	1.15	34.78
2008	41	PF	30	40.10	1.15	34.78
2008	41	PF	60	41.32	1.09	38.05
2008	41	PF	100	36.63	1.11	32.97
2009	11	C2	5	42.33	1.78	23.83
2009	11	C2	15	45.07	1.70	26.53
2009	11	C2	30	41.53	1.68	24.69
2009	11	C2	60	23.57	1.06	22.17
2009	11	C2	100	35.44	1.28	27.62
2009	26	C2	5	42.43	1.54	27.59
2009	26	C2	15	42.88	1.67	25.74
2009	26	C2	30	40.20	1.74	23.05
2009	26	C2	60	34.53	1.48	23.32
2009	26	C2	100	33.08	1.34	24.65
2009	33	C2	5	40.27	1.83	21.97
2009	33	C2	15	39.78	1.73	22.95
2009	33	C2	30	40.45	1.64	24.72
2009	33	C2	60	37.55	1.69	22.28
2009	33	C2	100	35.62	1.32	26.94
2009	44	C2	5	42.54	1.83	23.27
2009	44	C2	15	38.99	1.57	24.80
2009	44	C2	30	35.83	1.46	24.52
2009	44	C2	60	32.98	1.10	29.98
2009	44	C2	100	34.22	0.88	38.91
2009	12	CC	5	40.76	1.12	36.46
2009	12	CC	15	37.92	1.77	21.44
2009	12	CC	30	40.90	1.64	24.95
2009	12	CC	60	37.24	1.52	24.50
2009	12	CC	100	36.24	1.11	32.65
2009	21	CC	5	43.43	1.97	22.10
2009	21	CC	15	40.02	1.77	22.58
2009	21	CC	30	40.76	1.58	25.75
2009	21	CC	60	34.24	1.43	23.96
2009	21	CC	100	36.64	1.44	25.41
2009	35	CC	5	29.36	1.49	19.65
2009	35	CC	15	34.12	1.74	19.60
2009	35	CC	30	37.80	1.83	20.71
2009	35	CC	60	36.10	1.65	21.92
2009	35	CC	100	35.86	1.45	24.70
2009	43	CC	5	36.81	1.98	18.58
2009	43	CC	15	35.30	1.77	19.99
2009	43	CC	30	37.39	1.57	23.88
2009	43	CC	60	32.83	1.21	27.11
2009	43	CC	100	30.02	0.98	30.64
2009	14	CCW	5	38.97	1.82	21.41
2009	14	CCW	15	38.10	1.83	20.82
2009	14	CCW	30	39.94	1.96	20.35
2009	14	CCW	60	35.70	1.68	21.20
2009	14	CCW	100	39.09	1.37	28.49
2009	25	CCW	5	42.63	2.02	21.10
2009	25	CCW	15	35.79	1.72	20.78
2009	25	CCW	30	37.54	1.70	22.10
2009	25	CCW	60	32.27	1.32	24.47
2009	25	CCW	100	31.04	1.15	27.09
2009	36	CCW	5	25.64	1.43	17.98
2009	36	CCW	15	29.75	1.41	21.08
2009	36	CCW	30	26.02	1.07	24.41
2009	36	CCW	60	31.04	1.32	23.44
2009	36	CCW	100	36.79	1.38	26.66
2009	42	CCW	5	42.41	2.13	19.96
2009	42	CCW	15	38.97	1.73	22.55
2009	42	CCW	30	39.99	1.66	24.09
2009	42	CCW	60	36.42	1.69	21.54
2009	42	CCW	100	35.77	1.35	26.44
2009	16	S2	5	43.27	1.87	23.10
2009	16	S2	15	42.52	1.66	25.65
2009	16	S2	30	41.44	2.20	18.83
2009	16	S2	60	34.06	1.82	18.68
2009	16	S2	100	33.40	1.73	19.32
2009	22	S2	5	44.37	2.04	21.72
2009	22	S2	15	41.00	1.87	21.97
2009	22	S2	30	41.93	2.09	20.07
2009	22	S2	60	29.68	1.50	19.77
2009	22	S2	100	39.73	2.03	19.54
2009	34	S2	5	45.95	1.48	31.07
2009	34	S2	15	43.75	1.62	27.06
2009	34	S2	30	39.15	2.07	18.93
2009	34	S2	60	37.93	2.04	18.63
2009	34	S2	100	38.98	1.91	20.46
2009	45	S2	5	40.77	2.13	19.14
2009	45	S2	15	41.05	2.14	19.16
2009	45	S2	30	36.10	2.14	16.85
2009	45	S2	60	29.69	1.48	20.07
2009	45	S2	100	38.06	1.93	19.77
2009	13	P	5	38.77	0.99	39.11
2009	13	P	15	41.35	0.95	43.73
2009	13	P	30	42.21	0.71	59.53
2009	13	P	60	40.54	0.74	54.56
2009	13	P	100	38.73	0.66	59.12
2009	24	P	5	39.14	1.03	38.19
2009	24	P	15	39.92	0.98	40.56
2009	24	P	30	40.54	0.81	49.98
2009	24	P	60	41.33	0.69	60.34
2009	24	P	100	38.36	0.63	61.15
2009	31	P	5	41.47	1.18	35.14
2009	31	P	15	42.09	1.06	39.63
2009	31	P	30	42.40	0.90	47.12
2009	31	P	60	41.39	0.67	61.91
2009	31	P	100	40.70	0.64	63.82
2009	46	P	5	39.74	1.09	36.39
2009	46	P	15	35.16	1.02	34.34
2009	46	P	30	39.38	0.86	46.02
2009	46	P	60	37.73	0.67	56.20
2009	46	P	100	38.34	0.66	58.42
2009	15	PF	5	40.38	1.43	28.16
2009	15	PF	15	40.16	1.23	32.57
2009	15	PF	30	41.07	1.19	34.48
2009	15	PF	60	38.59	0.98	39.38
2009	15	PF	100	38.76	1.03	37.74
2009	23	PF	5	36.62	1.42	25.77
2009	23	PF	15	39.85	1.35	29.54
2009	23	PF	30	40.30	1.14	35.35
2009	23	PF	60	40.38	0.92	44.06
2009	23	PF	100	38.86	0.92	42.19
2009	32	PF	5	40.41	1.42	28.50
2009	32	PF	15	39.58	1.43	27.78
2009	32	PF	30	39.98	1.27	31.41
2009	32	PF	60	40.93	0.89	46.21
2009	32	PF	100	39.72	0.80	49.36
2009	41	PF	5	35.17	1.30	27.10
2009	41	PF	15	33.85	1.10	30.91
2009	41	PF	30	37.95	1.13	33.67
2009	41	PF	60	39.40	1.03	38.29
2009	41	PF	100	38.89	0.99	39.24
2010	11	S2	5	36.27	1.89	19.19
2010	11	S2	15	40.15	1.92	20.96
2010	11	S2	30	39.62	1.74	22.77
2010	11	S2	60	38.19	1.35	28.33
2010	11	S2	100	37.71	1.39	27.23
2010	26	S2	5	38.55	1.93	19.94
2010	26	S2	15	37.38	1.90	19.70
2010	26	S2	30	40.35	2.22	18.16
2010	26	S2	60	37.69	1.90	19.84
2010	26	S2	100	32.38	1.44	22.44
2010	33	S2	5	35.62	2.00	17.83
2010	33	S2	15	37.54	1.80	20.89
2010	33	S2	30	36.17	1.83	19.77
2010	33	S2	60	35.17	1.61	21.86
2010	33	S2	100	35.87	1.59	22.52
2010	44	S2	5	39.60	1.98	20.03
2010	44	S2	15	36.24	1.83	19.76
2010	44	S2	30	38.28	1.99	19.27
2010	44	S2	60	37.80	1.81	20.92
2010	44	S2	100	34.94	1.45	24.10
2010	12	CC	5	40.50	1.71	23.74
2010	12	CC	15	39.52	1.47	26.85
2010	12	CC	30	38.68	1.27	30.38
2010	12	CC	60	35.21	1.04	33.86
2010	12	CC	100	32.81	0.88	37.40
2010	21	CC	5	37.68	1.63	23.17
2010	21	CC	15	38.28	1.80	21.30
2010	21	CC	30	34.55	1.22	28.30
2010	21	CC	60	34.03	1.37	24.84
2010	21	CC	100	32.52	1.19	27.42
2010	35	CC	5	34.63	1.60	21.63
2010	35	CC	15	37.74	1.55	24.32
2010	35	CC	30	33.74	1.37	24.72
2010	35	CC	60	33.09	1.18	28.02
2010	35	CC	100	28.22	0.86	32.95
2010	43	CC	5	35.61	1.74	20.45
2010	43	CC	15	37.09	1.50	24.74
2010	43	CC	30	30.67	1.14	26.83
2010	43	CC	60	27.64	1.08	25.50
2010	43	CC	100	26.38	0.98	26.92
2010	14	CCW	5	36.90	1.62	22.74
2010	14	CCW	15	38.21	1.52	25.20
2010	14	CCW	30	36.65	1.63	22.50
2010	14	CCW	60	37.17	1.17	31.85
2010	14	CCW	100	39.22	1.06	37.14
2010	25	CCW	5	33.12	1.61	20.58
2010	25	CCW	15	35.07	1.71	20.46
2010	25	CCW	30	34.12	1.48	23.01
2010	25	CCW	60	33.32	1.19	28.05
2010	25	CCW	100	32.62	1.12	29.02
2010	36	CCW	5	32.63	1.56	20.97
2010	36	CCW	15	36.93	1.56	23.69
2010	36	CCW	30	35.72	1.37	26.05
2010	36	CCW	60	34.23	1.30	26.43
2010	36	CCW	100	34.87	1.14	30.56
2010	42	CCW	5	31.34	1.49	21.08
2010	42	CCW	15	35.74	1.82	19.61
2010	42	CCW	30	33.69	1.33	25.37
2010	42	CCW	60	30.15	1.14	26.54
2010	42	CCW	100	32.01	1.07	29.94
2010	16	C2	5	35.16	1.54	22.79
2010	16	C2	15	38.89	1.65	23.64
2010	16	C2	30	37.93	1.52	24.99
2010	16	C2	60	35.23	1.37	25.77
2010	16	C2	100	31.33	1.20	26.02
2010	22	C2	5	31.67	1.49	21.33
2010	22	C2	15	35.29	1.46	24.11
2010	22	C2	30	34.08	1.34	25.36
2010	22	C2	60	33.20	1.32	25.08
2010	22	C2	100	35.99	1.40	25.78
2010	34	C2	5	35.77	1.44	24.86
2010	34	C2	15	33.13	1.22	27.27
2010	34	C2	30	33.40	1.27	26.32
2010	34	C2	60	31.60	1.03	30.80
2010	34	C2	100	30.75	0.93	33.21
2010	45	C2	5	36.81	1.36	27.03
2010	45	C2	15	35.69	1.38	25.96
2010	45	C2	30	41.13	1.29	31.98
2010	45	C2	100	34.76	1.23	28.19
2010	13	P	5	39.41	0.81	48.43
2010	13	P	15	37.67	0.87	43.52
2010	13	P	30	39.39	0.52	75.42
2010	13	P	60	37.15	0.42	89.20
2010	13	P	100	39.59	0.48	82.98
2010	24	P	5	37.66	0.91	41.20
2010	24	P	15	38.74	0.84	46.37
2010	24	P	30	37.59	0.65	58.07
2010	24	P	60	38.15	0.52	73.37
2010	24	P	100	37.93	0.54	70.23
2010	31	P	5	38.78	0.97	39.88
2010	31	P	15	39.16	0.81	48.05
2010	31	P	30	40.91	0.58	70.44
2010	31	P	60	39.17	0.45	86.22
2010	31	P	100	39.21	0.44	89.75
2010	46	P	5	40.43	0.68	59.69
2010	46	P	15	38.82	0.61	64.12
2010	46	P	30	39.63	0.47	84.16
2010	46	P	60	38.70	0.40	95.60
2010	46	P	100	39.43	0.37	107.50
2010	15	PF	5	38.24	1.07	35.74
2010	15	PF	15	40.48	0.92	44.17
2010	15	PF	30	40.17	0.81	49.65
2010	15	PF	60	38.13	0.65	58.90
2010	15	PF	100	39.08	0.63	62.47
2010	23	PF	5	38.06	1.33	28.72
2010	23	PF	15	40.43	1.13	35.84
2010	23	PF	30	39.80	1.00	39.91
2010	23	PF	60	36.48	0.80	45.43
2010	23	PF	100	37.72	0.66	57.44
2010	32	PF	5	35.97	1.38	26.14
2010	32	PF	15	39.85	0.92	43.14
2010	32	PF	30	37.35	0.85	43.73
2010	32	PF	60	34.36	0.68	50.40
2010	32	PF	100	34.56	0.65	52.77
2010	41	PF	5	40.85	1.52	26.91
2010	41	PF	15	39.62	1.12	35.25
2010	41	PF	30	39.68	1.01	39.37
2010	41	PF	60	37.64	0.73	51.73
2010	41	PF	100	37.95	0.80	47.61
2011	16	S2	5	42.57	1.48	28.80
2011	16	S2	15	40.34	1.29	31.39
2011	16	S2	30	40.26	1.45	27.75
2011	16	S2	60	38.06	1.44	26.41
2011	16	S2	100	36.96	1.55	23.88
2011	22	S2	5	39.14	1.68	23.30
2011	22	S2	15	40.18	1.84	21.88
2011	22	S2	30	38.99	1.44	27.02
2011	22	S2	60	34.36	1.54	22.34
2011	22	S2	100	37.17	1.66	22.42
2011	34	S2	5	36.86	1.86	19.82
2011	34	S2	15	41.71	1.62	25.81
2011	34	S2	30	38.33	1.55	24.74
2011	34	S2	60	38.96	1.69	23.04
2011	34	S2	100	37.95	1.62	23.48
2011	45	S2	5	31.96	1.52	20.97
2011	45	S2	15	39.84	1.62	24.64
2011	45	S2	30	35.10	1.52	23.15
2011	45	S2	60	36.09	1.65	21.86
2011	45	S2	100	34.10	1.50	22.81
2011	12	CC	5	38.23	1.26	30.32
2011	12	CC	15	36.50	1.17	31.14
2011	12	CC	30	35.88	1.42	25.29
2011	12	CC	60	33.38	1.05	31.88
2011	12	CC	100	28.35	0.83	34.29
2011	21	CC	5	35.41	1.46	24.34
2011	21	CC	15	37.84	1.77	21.41
2011	21	CC	30	31.90	1.38	23.08
2011	21	CC	60	32.04	1.30	24.57
2011	21	CC	100	31.78	1.05	30.30
2011	35	CC	5	32.54	1.50	21.71
2011	35	CC	15	34.40	1.58	21.83
2011	35	CC	30	34.59	1.43	24.26
2011	35	CC	60	36.44	1.18	30.78
2011	35	CC	100	31.77	1.06	29.94
2011	43	CC	5	31.29	1.48	21.11
2011	43	CC	15	35.64	1.54	23.19
2011	43	CC	30	30.31	1.19	25.56
2011	43	CC	60	31.17	1.04	29.86
2011	43	CC	100	35.38	0.98	35.94
2011	14	CCW	5	32.46	1.33	24.50
2011	14	CCW	15	35.67	1.52	23.54
2011	14	CCW	30	34.97	1.24	28.11
2011	14	CCW	60	36.12	1.38	26.12
2011	14	CCW	100	36.98	1.15	32.07
2011	25	CCW	5	31.32	1.35	23.27
2011	25	CCW	15	30.91	1.45	21.30
2011	25	CCW	30	31.57	1.31	24.14
2011	25	CCW	60	33.00	1.13	29.31
2011	25	CCW	100	34.06	1.22	27.83
2011	36	CCW	5	32.89	1.20	27.36
2011	36	CCW	15	34.34	1.53	22.43
2011	36	CCW	30	33.15	1.32	25.06
2011	36	CCW	60	33.93	1.14	29.74
2011	36	CCW	100	31.32	1.05	29.97
2011	42	CCW	5	31.47	1.32	23.79
2011	42	CCW	15	32.49	1.34	24.32
2011	42	CCW	30	34.01	1.37	24.88
2011	42	CCW	60	35.48	1.03	34.55
2011	42	CCW	100	34.61	1.05	32.99
2011	11	C2	5	40.89	0.98	41.66
2011	11	C2	15	38.79	0.98	39.76
2011	11	C2	30	39.79	1.32	30.17
2011	11	C2	60	35.63	0.98	36.43
2011	11	C2	100	32.70	0.97	33.81
2011	26	C2	5	36.80	1.45	25.34
2011	26	C2	15	42.05	1.34	31.45
2011	26	C2	30	41.17	1.48	27.86
2011	26	C2	60	39.65	0.75	52.64
2011	26	C2	100	31.80	1.01	31.58
2011	33	C2	5	44.35	1.00	44.17
2011	33	C2	15	44.53	1.04	42.90
2011	33	C2	30	39.05	1.34	29.10
2011	33	C2	60	33.43	1.14	29.38
2011	33	C2	100	35.15	1.28	27.44
2011	44	C2	5	38.04	1.40	27.17
2011	44	C2	15	44.06	1.82	24.24
2011	44	C2	30	34.95	1.32	26.42
2011	44	C2	60	31.29	1.01	30.92
2011	44	C2	100	30.36	0.60	50.79
2011	13	P	5	37.83	0.66	57.13
2011	13	P	15	38.69	0.66	58.43
2011	13	P	30	35.16	0.50	69.97
2011	13	P	60	40.83	0.43	94.34
2011	13	P	100	43.52	0.39	110.84
2011	24	P	5	42.12	0.58	72.46
2011	24	P	15	38.48	0.60	64.46
2011	24	P	30	41.28	0.49	85.07
2011	24	P	60	41.55	0.41	100.56
2011	24	P	100	41.82	0.38	110.96
2011	31	P	5	41.89	0.57	73.02
2011	31	P	15	40.87	0.59	69.06
2011	31	P	30	40.43	0.56	72.78
2011	31	P	60	38.42	0.48	79.33
2011	31	P	100	40.99	0.65	62.72
2011	46	P	5	40.08	0.79	50.98
2011	46	P	15	38.32	0.63	61.00
2011	46	P	30	40.19	0.61	66.19
2011	46	P	60	39.46	0.44	90.12
2011	46	P	100	40.57	0.55	73.99
2011	15	PF	5	39.00	1.31	29.88
2011	15	PF	15	40.75	1.09	37.35
2011	15	PF	30	41.55	0.98	42.52
2011	15	PF	60	38.47	0.78	49.17
2011	15	PF	100	39.52	0.76	51.68
2011	23	PF	5	41.47	1.08	38.39
2011	23	PF	15	39.77	0.93	42.56
2011	23	PF	30	37.88	0.86	44.27
2011	23	PF	60	32.68	0.60	54.77
2011	23	PF	100	37.51	0.65	57.91
2011	32	PF	5	40.37	1.00	40.20
2011	32	PF	15	39.88	0.82	48.39
2011	32	PF	30	41.07	0.78	52.89
2011	32	PF	60	40.02	0.71	56.29
2011	32	PF	100	40.20	0.66	61.12
2011	41	PF	5	41.33	0.99	41.89
2011	41	PF	15	41.92	0.97	43.20
2011	41	PF	30	39.92	0.80	49.62
2011	41	PF	60	38.45	0.81	47.62
2011	41	PF	100	39.80	0.77	51.48
2012	16	C2	5	40.05	1.84	21.72
2012	16	C2	15	37.54	1.97	19.09
2012	16	C2	30	42.05	1.63	25.85
2012	16	C2	60	39.67	1.54	25.79
2012	16	C2	100	39.59	1.17	33.86
2012	22	C2	5	37.22	1.74	21.36
2012	22	C2	15	39.40	1.94	20.35
2012	22	C2	30	39.69	1.80	22.01
2012	22	C2	60	40.95	1.64	25.01
2012	22	C2	100	38.81	1.13	34.26
2012	34	C2	5	36.35	1.66	21.83
2012	34	C2	15	39.75	1.78	22.38
2012	34	C2	30	39.13	1.75	22.34
2012	34	C2	60	39.22	1.44	27.17
2012	34	C2	100	37.64	1.17	32.25
2012	45	C2	5	36.71	1.58	23.29
2012	45	C2	15	33.59	1.69	19.89
2012	45	C2	30	37.32	1.74	21.48
2012	45	C2	60	39.98	1.39	28.81
2012	45	C2	100	39.66	1.21	32.66
2012	12	CC	5	30.49	1.36	22.39
2012	12	CC	15	38.88	1.66	23.48
2012	12	CC	30	35.65	1.46	24.47
2012	12	CC	60	37.63	1.40	26.84
2012	12	CC	100	34.42	1.19	29.03
2012	21	CC	5	31.87	1.49	21.44
2012	21	CC	15	37.38	1.87	19.98
2012	21	CC	30	39.91	1.60	24.93
2012	21	CC	60	39.48	1.44	27.36
2012	21	CC	100	36.89	1.18	31.28
2012	35	CC	5	37.18	1.54	24.14
2012	35	CC	15	37.39	1.80	20.79
2012	35	CC	30	40.10	1.59	25.24
2012	35	CC	60	35.29	1.23	28.74
2012	35	CC	100	40.41	1.31	30.77
2012	43	CC	5	32.44	1.66	19.60
2012	43	CC	15	38.75	1.92	20.18
2012	43	CC	30	40.36	1.60	25.26
2012	43	CC	60	37.64	1.34	28.19
2012	43	CC	100	37.32	1.19	31.48
2012	14	CCW	5	35.96	1.82	19.75
2012	14	CCW	15	37.38	2.02	18.54
2012	14	CCW	30	41.37	1.81	22.88
2012	14	CCW	60	37.93	1.36	27.87
2012	14	CCW	100	33.97	0.98	34.56
2012	25	CCW	5	36.52	1.47	24.79
2012	25	CCW	15	37.38	1.86	20.07
2012	25	CCW	30	38.62	1.71	22.65
2012	25	CCW	60	36.28	1.35	26.97
2012	25	CCW	100	40.69	1.26	32.38
2012	36	CCW	5	31.45	1.45	21.76
2012	36	CCW	15	35.01	1.61	21.73
2012	36	CCW	30	34.56	1.55	22.23
2012	36	CCW	60	35.49	1.21	29.28
2012	36	CCW	100	35.57	0.93	38.10
2012	42	CCW	5	36.68	1.72	21.34
2012	42	CCW	15	36.06	1.82	19.86
2012	42	CCW	30	38.64	1.62	23.78
2012	42	CCW	60	36.43	1.30	28.09
2012	42	CCW	100	40.26	1.20	33.46
2012	13	P	5	36.08	0.77	46.65
2012	13	P	15	38.89	0.65	60.18
2012	13	P	30	36.95	0.61	60.09
2012	13	P	60	37.11	0.43	86.19
2012	13	P	100	41.10	0.48	85.74
2012	24	P	5	41.67	0.55	75.26
2012	24	P	15	39.61	0.60	66.52
2012	24	P	30	40.02	0.48	83.09
2012	24	P	60	43.13	0.37	116.25
2012	24	P	100	43.76	0.49	89.22
2012	31	P	5	39.27	0.68	57.61
2012	31	P	15	39.94	0.55	72.15
2012	31	P	30	39.96	0.53	75.78
2012	31	P	60	39.53	0.36	109.70
2012	31	P	100	41.99	0.42	99.12
2012	46	P	5	40.66	0.67	60.97
2012	46	P	15	40.57	0.53	76.63
2012	46	P	30	37.97	0.47	81.28
2012	46	P	60	36.45	0.38	95.00
2012	46	P	100	39.95	0.41	97.46
2012	15	PF	5	40.42	0.99	40.94
2012	15	PF	15	42.86	0.92	46.64
2012	15	PF	30	39.73	0.93	42.87
2012	15	PF	60	40.55	0.81	49.85
2012	15	PF	100	38.55	0.63	61.06
2012	23	PF	5	42.02	0.95	44.31
2012	23	PF	15	41.09	1.00	40.97
2012	23	PF	30	43.24	0.82	52.81
2012	23	PF	60	37.61	0.62	60.24
2012	23	PF	100	43.42	0.66	65.73
2012	32	PF	5	41.21	0.98	42.14
2012	32	PF	15	41.01	0.83	49.39
2012	32	PF	30	41.68	1.15	36.29
2012	32	PF	60	39.09	0.77	50.63
2012	32	PF	100	40.43	0.57	70.63
2012	41	PF	5	41.89	0.84	49.69
2012	41	PF	15	40.44	0.75	53.89
2012	41	PF	30	44.56	0.73	60.76
2012	41	PF	60	41.85	0.77	54.20
2012	41	PF	100	40.88	0.73	56.33
2012	11	S2	5	41.20	1.16	35.39
2012	11	S2	15	43.23	1.85	23.39
2012	11	S2	30	43.86	1.75	25.05
2012	11	S2	60	38.56	1.55	24.80
2012	11	S2	100	34.60	1.38	25.03
2012	26	S2	5	40.66	1.78	22.78
2012	26	S2	15	41.64	1.71	24.40
2012	26	S2	30	40.97	1.64	25.06
2012	26	S2	60	35.09	1.59	22.10
2012	26	S2	100	37.16	1.78	20.84
2012	33	S2	5	40.49	2.03	19.96
2012	33	S2	15	42.39	1.67	25.45
2012	33	S2	30	44.21	1.69	26.23
2012	33	S2	60	40.03	1.64	24.36
2012	33	S2	100	38.15	1.66	22.97
2012	44	S2	5	34.46	1.97	17.49
2012	44	S2	15	38.53	1.92	20.04
2012	44	S2	30	39.96	1.59	25.09
2012	44	S2	60	33.89	1.56	21.78
2012	44	S2	100	36.31	1.58	23.05
2013	11	C2	5	43.84	1.35	32.47
2013	11	C2	15	44.85	1.56	28.82
2013	11	C2	30	40.15	1.22	32.96
2013	11	C2	60	38.91	1.01	38.49
2013	11	C2	100	38.82	0.82	47.10
2013	26	C2	5	37.45	1.47	25.55
2013	26	C2	15	42.07	1.29	32.69
2013	26	C2	30	40.21	1.10	36.62
2013	26	C2	60	39.75	0.97	40.79
2013	26	C2	100	38.65	0.85	45.41
2013	33	C2	5	40.80	1.85	22.00
2013	33	C2	15	37.42	1.36	27.51
2013	33	C2	30	41.02	1.28	31.95
2013	33	C2	60	38.44	0.92	41.57
2013	33	C2	100	39.82	0.97	41.24
2013	44	C2	5	36.06	1.39	25.89
2013	44	C2	15	40.30	1.30	31.07
2013	44	C2	30	38.79	1.04	37.37
2013	44	C2	60	38.15	0.96	39.84
2013	44	C2	100	37.35	0.88	42.37
2013	12	CC	5	33.19	1.39	23.91
2013	12	CC	15	33.72	1.49	22.65
2013	12	CC	30	37.49	1.48	25.35
2013	12	CC	60	39.12	1.38	28.29
2013	12	CC	100	32.52	0.84	38.75
2013	21	CC	5	38.24	1.42	27.02
2013	21	CC	15	37.59	1.58	23.73
2013	21	CC	30	34.89	1.40	24.90
2013	21	CC	60	37.35	1.12	33.38
2013	21	CC	100	37.28	0.94	39.83
2013	35	CC	5	34.42	1.44	23.90
2013	35	CC	15	39.15	1.51	25.98
2013	35	CC	30	38.17	1.34	28.59
2013	35	CC	60	39.28	1.28	30.66
2013	35	CC	100	37.82	1.06	35.71
2013	43	CC	5	32.96	1.58	20.91
2013	43	CC	15	39.59	1.61	24.61
2013	43	CC	30	34.86	1.18	29.67
2013	43	CC	60	41.82	1.22	34.39
2013	43	CC	100	39.56	1.02	38.78
2013	14	CCW	5	37.85	1.79	21.15
2013	14	CCW	15	39.10	1.82	21.50
2013	14	CCW	30	35.66	1.45	24.61
2013	14	CCW	60	39.84	1.20	33.26
2013	14	CCW	100	34.65	0.95	36.45
2013	25	CCW	5	37.30	1.62	23.05
2013	25	CCW	15	40.81	1.61	25.30
2013	25	CCW	30	36.34	1.20	30.41
2013	25	CCW	60	35.09	1.10	32.02
2013	25	CCW	100	39.35	0.98	40.12
2013	36	CCW	5	34.90	1.53	22.75
2013	36	CCW	15	38.17	1.60	23.92
2013	36	CCW	30	39.45	1.32	29.82
2013	36	CCW	60	38.92	1.10	35.38
2013	36	CCW	100	36.24	0.90	40.12
2013	42	CCW	5	34.94	1.49	23.43
2013	42	CCW	15	40.81	1.68	24.29
2013	42	CCW	30	44.73	1.51	29.66
2013	42	CCW	60	44.01	1.23	35.72
2013	42	CCW	100	43.52	1.10	39.71
2013	13	P	5	40.59	0.56	72.61
2013	13	P	15	40.16	0.36	112.27
2013	13	P	30	37.63	0.25	148.32
2013	13	P	60	41.82	0.17	248.78
2013	13	P	100	40.15	0.22	180.86
2013	24	P	5	43.02	0.40	108.14
2013	24	P	15	43.41	0.37	118.41
2013	24	P	30	39.94	0.25	157.93
2013	24	P	60	40.76	0.20	208.28
2013	24	P	100	42.48	0.34	126.02
2013	31	P	5	43.59	0.42	103.79
2013	31	P	15	44.68	0.29	154.12
2013	31	P	30	41.80	0.40	104.34
2013	31	P	60	41.37	0.28	148.01
2013	31	P	100	42.60	0.29	145.94
2013	46	P	5	43.76	0.42	105.45
2013	46	P	15	41.12	0.45	91.20
2013	46	P	30	39.47	0.32	123.92
2013	46	P	60	43.41	0.21	202.85
2013	46	P	100	43.81	0.28	154.26
2013	15	PF	5	43.17	1.02	42.16
2013	15	PF	15	41.61	0.94	44.20
2013	15	PF	30	40.89	0.77	53.29
2013	15	PF	60	43.13	0.64	67.33
2013	15	PF	100	39.43	0.54	73.02
2013	23	PF	5	43.62	0.83	52.33
2013	23	PF	15	40.73	0.94	43.13
2013	23	PF	30	37.90	0.61	61.83
2013	23	PF	60	37.03	0.59	62.93
2013	23	PF	100	37.77	0.46	81.70
2013	32	PF	5	42.78	0.87	49.44
2013	32	PF	15	41.34	0.85	48.46
2013	32	PF	30	42.56	0.65	65.58
2013	32	PF	60	43.62	0.54	80.10
2013	32	PF	100	40.05	0.58	68.54
2013	41	PF	5	45.84	0.82	56.04
2013	41	PF	15	43.37	0.83	52.03
2013	41	PF	30	42.97	0.70	61.70
2013	41	PF	60	44.19	0.54	81.46
2013	41	PF	100	44.93	0.55	81.74
2013	16	S2	5	40.83	1.63	25.06
2013	16	S2	15	42.48	1.67	25.48
2013	16	S2	30	42.97	1.98	21.71
2013	16	S2	60	33.53	1.46	22.93
2013	16	S2	100	33.28	1.31	25.44
2013	22	S2	5	40.40	2.14	18.92
2013	22	S2	15	40.65	2.08	19.52
2013	22	S2	30	41.54	1.75	23.76
2013	22	S2	60	37.91	1.74	21.85
2013	22	S2	100	34.88	1.32	26.50
2013	34	S2	5	42.26	1.90	22.24
2013	34	S2	15	43.28	1.83	23.60
2013	34	S2	30	41.63	1.75	23.75
2013	34	S2	60	38.47	1.60	24.01
2013	34	S2	100	41.95	1.54	27.20
2013	45	S2	5	40.37	2.08	19.42
2013	45	S2	15	41.40	1.76	23.47
2013	45	S2	30	34.91	1.38	25.28
2013	45	S2	60	37.99	1.61	23.54
2013	45	S2	100	38.39	1.35	28.35
