year	trt	core	plot	depth	BD	TN	TC	IC	OC	CN	oCN
2008	C2	1	16	60	1.746513155	0.0719	2.204	1.73	0.474	30.65368567	6.592489569
2008	C2	1	16	100	1.687000357	0.0357	2.873	2.59	0.283	80.47619048	7.927170868
2008	C2	2	16	60	1.402743682	0.1336	1.68	0.09	1.59	12.5748503	11.9011976
2008	C2	2	16	100	1.596145188	0.0645	0.7161	0.215	0.5011	11.10232558	7.768992248
2008	C2	1	22	60	1.444464208	0.1275	1.306	0	1.306	10.24313725	10.24313725
2008	C2	1	22	100	1.809163578	0.1	2.39	1.7	0.69	23.9	6.9
2008	C2	2	22	60	1.184237905	0.1155	1.35	0	1.35	11.68831169	11.68831169
2008	C2	2	22	100	1.557935307	0.078	1.191	0.5	0.691	15.26923077	8.858974359
2008	C2	1	34	60	1.488547261	0.1239	1.381	0	1.381	11.14608555	11.14608555
2008	C2	1	34	100	1.485472261	0.057	0.5689	0	0.5689	9.980701754	9.980701754
2008	C2	2	34	60	1.489307736	0.1077	1.056	0	1.056	9.805013928	9.805013928
2008	C2	2	34	100	1.719409244	0.0368	1.751	1.46	0.291	47.58152174	7.907608696
2008	C2	1	45	60	1.465343248	0.0865	0.8842	0	0.8842	10.22196532	10.22196532
2008	C2	1	45	100	1.605102822	0.0394	0.7673	0.46	0.3073	19.47461929	7.799492386
2008	C2	2	45	60	1.561798094	0.0744	0.6421	0	0.6421	8.630376344	8.630376344
2008	C2	2	45	100	1.32536015	0.0208	0.2251	0	0.2251	10.82211538	10.82211538
2008	CC	1	12	60	1.351109496	0.0842	0.7718	0	0.7718	9.166270784	9.166270784
2008	CC	1	12	100	1.591744929	0.0449	0.4161	0	0.4161	9.267260579	9.267260579
2008	CC	2	12	60	1.538096603	0.132	1.381	0	1.381	10.46212121	10.46212121
2008	CC	2	12	100	1.519925079	0.0683	0.4818	0	0.4818	7.054172767	7.054172767
2008	CC	1	21	60	1.220706234	0.1549	1.976	0	1.976	12.75661717	12.75661717
2008	CC	1	21	100	1.787421075	0.0304	0.838	0.7	0.138	27.56578947	4.539473684
2008	CC	2	21	60	1.408666514	0.0844	1.11	0.35	0.76	13.15165877	9.004739336
2008	CC	2	21	100	1.451274362	0.0612	0.5482	0.01	0.5382	8.95751634	8.794117647
2008	CC	1	35	60	1.4010606	0.148	1.862	0	1.862	12.58108108	12.58108108
2008	CC	1	35	100	1.559305414	0.0589	0.5337	0	0.5337	9.061120543	9.061120543
2008	CC	2	35	60	1.305253557	0.1651	2.2	0.01	2.19	13.32525742	13.26468807
2008	CC	2	35	100	1.435377298	0.0896	0.967	0	0.967	10.79241071	10.79241071
2008	CC	1	43	60	1.542277108	0.0784	1.084	0.48	0.604	13.82653061	7.704081633
2008	CC	1	43	100	1.696285025	0.0351	1.893	1.73	0.163	53.93162393	4.643874644
2008	CC	2	43	60	1.515255571	0.0815	0.821	0	0.821	10.07361963	10.07361963
2008	CC	2	43	100	1.549026552	0.0425	0.3374	0.02	0.3174	7.938823529	7.468235294
2008	CCW	1	14	60	1.502839155	0.0622	2.307	1.75	0.557	37.09003215	8.954983923
2008	CCW	1	14	100	1.682891958	0.0401	2.756	2.75	0.006	68.72817955	0.149625935
2008	CCW	2	14	60	1.247414543	0.1554	1.773	0.01	1.763	11.40926641	11.34491634
2008	CCW	2	14	100	1.582389507	0.1026	1.191	0	1.191	11.60818713	11.60818713
2008	CCW	1	25	60	1.205465062	0.0682	0.6483	0	0.6483	9.505865103	9.505865103
2008	CCW	1	25	100	1.534035725	0.057	0.387	0	0.387	6.789473684	6.789473684
2008	CCW	2	25	60	1.55791744	0.1055	1.024	0	1.024	9.706161137	9.706161137
2008	CCW	2	25	100	1.559969133	0.0446	0.3431	0	0.3431	7.692825112	7.692825112
2008	CCW	1	36	60	1.47721959	0.1173	1.313	0	1.313	11.19352089	11.19352089
2008	CCW	1	36	100	1.668594369	0.0486	0.3924	0	0.3924	8.074074074	8.074074074
2008	CCW	2	36	60	1.385501739	0.0862	0.7211	0	0.7211	8.365429234	8.365429234
2008	CCW	1	42	60	1.337048108	0.109	1.157	0	1.157	10.6146789	10.6146789
2008	CCW	1	42	100	1.684813566	0.0513	1.932	1.57	0.362	37.66081871	7.056530214
2008	CCW	2	42	60	1.483443609	0.0892	0.9051	0	0.9051	10.14686099	10.14686099
2008	CCW	2	42	100	1.672295221	0.0401	0.2743	0.01	0.2643	6.840399002	6.591022444
2008	P	1	13	60	1.254838524	0.1159	1.187	0	1.187	10.24158758	10.24158758
2008	P	1	13	100	1.831114036	0.0535	0.5599	0	0.5599	10.46542056	10.46542056
2008	P	2	13	60	1.36868501	0.1118	1.024	0	1.024	9.15921288	9.15921288
2008	P	2	13	100	1.810044897	0.045	0.305	0	0.305	6.777777778	6.777777778
2008	P	1	24	60	1.543330812	0.0906	0.8469	0	0.8469	9.347682119	9.347682119
2008	P	1	24	100	1.510225426	0.0331	1.134	0.97	0.164	34.25981873	4.954682779
2008	P	2	24	60	1.60199126	0.0767	0.8865	0	0.8865	11.55801825	11.55801825
2008	P	2	24	100	1.556014549	0.0759	0.4469	0	0.4469	5.88801054	5.88801054
2008	P	1	31	60	1.506085904	0.1006	1.068	0	1.068	10.61630219	10.61630219
2008	P	1	31	100	1.61187341	0.041	1.938	1.75	0.188	47.26829268	4.585365854
2008	P	2	31	60	1.340638547	0.1128	1.196	0	1.196	10.60283688	10.60283688
2008	P	2	31	100	1.478481181	0.0465	1.29	1	0.29	27.74193548	6.23655914
2008	P	1	46	60	1.426131368	0.1029	0.9592	0	0.9592	9.321671526	9.321671526
2008	P	1	46	100	1.555943858	0.0415	0.3267	0	0.3267	7.872289157	7.872289157
2008	P	2	46	60	1.543052184	0.103	0.9876	0	0.9876	9.588349515	9.588349515
2008	P	2	46	100	1.483884278	0.0371	0.3059	0	0.3059	8.245283019	8.245283019
2008	PF	1	15	60	1.518424922	0.0963	1.105	0.08	1.025	11.47455867	10.64382139
2008	PF	1	15	100	1.652187956	0.0495	1.714	1.49	0.224	34.62626263	4.525252525
2008	PF	2	15	60	1.317267544	0.1218	1.313	0	1.313	10.77996716	10.77996716
2008	PF	2	15	100	1.684771996	0.0576	0.4768	0	0.4768	8.277777778	8.277777778
2008	PF	1	23	60	1.377487771	0.1283	1.351	0	1.351	10.53000779	10.53000779
2008	PF	1	23	100	1.641925337	0.052	0.6449	0	0.6449	12.40192308	12.40192308
2008	PF	2	23	60	1.461850168	0.1408	1.589	0	1.589	11.28551136	11.28551136
2008	PF	2	23	100	1.864315272	0.0491	0.3886	0	0.3886	7.914460285	7.914460285
2008	PF	1	32	60	1.587667598	0.0599	0.8231	0.32	0.5031	13.74123539	8.398998331
2008	PF	1	32	100	1.737605169	0.0413	2.661	2.4	0.261	64.43099274	6.319612591
2008	PF	2	32	60	1.502716816	0.1196	1.358	0	1.358	11.35451505	11.35451505
2008	PF	2	32	100	1.203241861	0.0544	1.122	0	1.122	20.625	20.625
2008	PF	1	41	60	1.48035545	0.0918	1.037	0	1.037	11.2962963	11.2962963
2008	PF	1	41	100	1.607031562	0.044	1.446	1.09	0.356	32.86363636	8.090909091
2008	PF	2	41	60	1.605675881	0.0695	1.47	0.76	0.71	21.15107914	10.21582734
2008	PF	2	41	100	1.566567164	0.0288	2.05	1.67	0.38	71.18055556	13.19444444
2008	S2	1	11	60	1.232239065	0.1105	1.119	0	1.119	10.12669683	10.12669683
2008	S2	1	11	100	1.757380825	0.0421	1.147	0.97	0.177	27.24465558	4.204275534
2008	S2	2	11	60	1.477723956	0.1825	2.333	0.02	2.313	12.78356164	12.6739726
2008	S2	2	11	100	1.415372037	0.0951	1.108	0	1.108	11.6508938	11.6508938
2008	S2	1	26	60	1.418977908	0.1239	1.758	0.42	1.338	14.18886199	10.79903148
2008	S2	1	26	100	1.607220199	0.0596	1.542	1.2	0.342	25.87248322	5.738255034
2008	S2	2	26	60	1.486589939	0.0869	1.375	0.25	1.125	15.82278481	12.94591484
2008	S2	2	26	100	1.617582372	0.0406	0.6272	0.59	0.0372	15.44827586	0.916256158
2008	S2	1	33	60	1.517150914	0.1191	1.19	0	1.19	9.991603694	9.991603694
2008	S2	1	33	100	1.732601626	0.0364	2.554	2.32	0.234	70.16483516	6.428571429
2008	S2	2	33	60	1.312051068	0.0941	0.7956	0	0.7956	8.454835282	8.454835282
2008	S2	2	33	100	1.370653643	0.038	3.189	2.57	0.619	83.92105263	16.28947368
2008	S2	1	44	60	1.315278479	0.2179	2.577	0.02	2.557	11.82652593	11.73474071
2008	S2	1	44	100	1.331689443	0.0835	1.011	0	1.011	12.10778443	12.10778443
2008	S2	2	44	60	1.510733083	0.0913	0.8343	0	0.8343	9.138006572	9.138006572
2008	S2	2	44	100	1.540557143	0.0492	1.551	1.26	0.291	31.52439024	5.914634146
2008	S2	1	11	5	1.170662001	0.30127367	3.501817339	0	3.501817339	11.62337662	11.62337662
2008	S2	1	11	15	1.285479499	0.255706679	2.95799343	0	2.95799343	11.56791616	11.56791616
2008	S2	1	11	30	1.377958609	0.202761518	2.327090963	0	2.327090963	11.47698533	11.47698533
2008	S2	1	11	5	1.13347128	0.253792552	3.005491851	0	3.005491851	11.84231698	11.84231698
2008	S2	1	11	15	1.341568114	0.260552701	3.069169749	0	3.069169749	11.7794586	11.7794586
2008	S2	1	11	30	1.393170876	0.216891568	2.611212508	0	2.611212508	12.03925323	12.03925323
2008	S2	1	11	5	1.173662131	0.24083196	2.882996931	0	2.882996931	11.97098976	11.97098976
2008	S2	1	11	15	1.278559509	0.231680057	2.68589369	0	2.68589369	11.59311562	11.59311562
2008	S2	1	11	30	1.403093903	0.208438335	2.56922004	0	2.56922004	12.32604374	12.32604374
2008	S2	1	11	5	1.121927832	0.278904584	3.244483996	0	3.244483996	11.63295329	11.63295329
2008	S2	1	11	15	1.419921029	0.270854204	3.044122817	0	3.044122817	11.238972	11.238972
2008	S2	1	11	15	1.264303926	0.259703515	3.154281152	0	3.154281152	12.14570064	12.14570064
2008	CC	1	12	5	1.420395647	0.264765645	3.219616803	0	3.219616803	12.16025137	12.16025137
2008	CC	1	12	15	1.486386358	0.24373355	2.782858158	0	2.782858158	11.41762452	11.41762452
2008	CC	1	12	30	1.458550978	0.143277995	1.528025513	0	1.528025513	10.66476054	10.66476054
2008	CC	1	12	5	1.308333429	0.329678176	3.905465925	0	3.905465925	11.84629803	11.84629803
2008	CC	1	12	15	1.363112377	0.286965768	3.472967792	0	3.472967792	12.1023766	12.1023766
2008	CC	1	12	30	1.423877721	0.223903093	2.604010749	0	2.604010749	11.6300794	11.6300794
2008	CC	1	12	5	1.28207565	0.270339883	3.247840578	0	3.247840578	12.01391573	12.01391573
2008	CC	1	12	15	1.374755962	0.265974314	3.148927265	0	3.148927265	11.83921569	11.83921569
2008	CC	1	12	30	1.437739119	0.225653376	2.75832917	0	2.75832917	12.22374429	12.22374429
2008	CC	1	12	5	1.345106557	0.258092696	3.000691247	0	3.000691247	11.62640902	11.62640902
2008	CC	1	12	15	1.37616882	0.254316165	3.025592967	0	3.025592967	11.89697465	11.89697465
2008	CC	1	12	30	1.374057721	0.197502731	2.388623726	0	2.388623726	12.09413009	12.09413009
2008	P	1	13	5	1.024782161	0.320443019	3.822957309	0	3.822957309	11.93022498	11.93022498
2008	P	1	13	15	1.367534271	0.296529976	3.515239444	0	3.515239444	11.85458377	11.85458377
2008	P	1	13	30	1.417320671	0.218544199	2.547941208	0	2.547941208	11.65869981	11.65869981
2008	P	1	13	5	1.207525504	0.277869175	3.114532147	0	3.114532147	11.20862774	11.20862774
2008	P	1	13	15	1.384048593	0.258302914	2.972939641	0	2.972939641	11.50950872	11.50950872
2008	P	1	13	30	1.521866611	0.162946282	1.80686815	0	1.80686815	11.08873505	11.08873505
2008	P	1	13	5	1.268617801	0.232172365	2.750427883	0	2.750427883	11.84649123	11.84649123
2008	P	1	13	15	1.367076379	0.196795628	2.250830981	0	2.250830981	11.4374034	11.4374034
2008	P	1	13	30	1.437684177	0.190072797	2.314727729	0	2.314727729	12.17811159	12.17811159
2008	P	1	13	5	1.273053064	0.202755851	2.289375372	0	2.289375372	11.29129129	11.29129129
2008	P	1	13	15	1.359842267	0.18666599	2.145083854	0	2.145083854	11.49156233	11.49156233
2008	P	1	13	30	1.520130862	0.167754197	1.807370019	0	1.807370019	10.77391834	10.77391834
2008	CCW	1	14	5	1.150776483	0.264271746	3.154475297	0.659	2.495475297	11.93648335	9.442838038
2008	CCW	1	14	15	1.356888702	0.24464765	2.834806105	0.493	2.341806105	11.58730159	9.572158586
2008	CCW	1	14	30	1.617803994	0.135643653	1.579777283	0.743	0.836777283	11.64652568	6.168938001
2008	CCW	1	14	5	1.139407682	0.284903945	3.243600669	0	3.243600669	11.38489209	11.38489209
2008	CCW	1	14	15	1.398800396	0.272431914	3.118506606	0.567	2.551506606	11.44692104	9.36566708
2008	CCW	1	14	30	1.492115437	0.188650303	2.15527351	0.518	1.63727351	11.42470206	8.678880872
2008	CCW	1	14	5	1.300666284	0.192177389	2.184710725	0	2.184710725	11.36819863	11.36819863
2008	CCW	1	14	15	1.443875344	0.18583972	2.049598655	0	2.049598655	11.02885139	11.02885139
2008	CCW	1	14	30	1.67139233	0.133379393	1.474887804	0	1.474887804	11.05783866	11.05783866
2008	CCW	1	14	5	1.528900987	0.231674802	2.783145973	0	2.783145973	12.01315789	12.01315789
2008	CCW	1	14	15	1.551021127	0.198914574	2.357203974	0	2.357203974	11.85033316	11.85033316
2008	CCW	1	14	30	1.457267883	0.204430252	2.512596381	0	2.512596381	12.29072682	12.29072682
2008	PF	1	15	5	1.071752808	0.321342396	3.840005507	0.694	3.146005507	11.94988757	9.790197443
2008	PF	1	15	15	1.399397986	0.294116408	3.48909853	0.694	2.79509853	11.86298497	9.503375031
2008	PF	1	15	30	1.387789777	0.230660359	2.734825068	0.51	2.224825068	11.85650224	9.645459125
2008	PF	1	15	5	1.129463677	0.316601938	3.81342712	0.627	3.18642712	12.04486346	10.06445865
2008	PF	1	15	15	1.267182926	0.285213535	3.394616422	0.663	2.731616422	11.90201729	9.577443177
2008	PF	1	15	30	1.517119188	0.180677864	2.253594279	0.977	1.276594279	12.47299602	7.065582083
2008	PF	1	15	5	1.119058945	0.262586806	3.226095689	0	3.226095689	12.28582555	12.28582555
2008	PF	1	15	15	1.426899302	0.246993831	3.048426586	0	3.048426586	12.34211627	12.34211627
2008	PF	1	15	30	1.434648262	0.174585867	2.090744835	0	2.090744835	11.97545295	11.97545295
2008	PF	1	15	5	1.149600238	0.315993001	3.887633879	0	3.887633879	12.30291135	12.30291135
2008	PF	1	15	15	1.346193606	0.278293776	3.406216092	0	3.406216092	12.23964166	12.23964166
2008	PF	1	15	30	1.528331582	0.191823555	2.249001567	0	2.249001567	11.72432432	11.72432432
2008	C2	1	16	5	1.058714101	0.304971836	3.499880382	0.637	2.862880382	11.47607737	9.387359901
2008	C2	1	16	15	1.358175786	0.288925526	3.361705627	0.64	2.721705627	11.63519772	9.420094029
2008	C2	1	16	30	1.52669653	0.175991046	2.066655414	0.827	1.239655414	11.74295775	7.043855036
2008	C2	1	16	5	1.582809519	0.343601874	3.961080211	0.426	3.535080211	11.52811005	10.28830307
2008	C2	1	16	15	1.27709102	0.326741608	3.618085738	0.425	3.193085738	11.07323232	9.772510318
2008	C2	1	16	30	1.350283169	0.178468153	2.184696352	0.563	1.621696352	12.24137931	9.086754849
2008	C2	1	16	5	1.118996277	0.319379739	3.801156012	0	3.801156012	11.90168176	11.90168176
2008	C2	1	16	15	1.312972211	0.284345502	3.34396901	0	3.34396901	11.7602318	11.7602318
2008	C2	1	16	30	1.492314949	0.207943562	2.571933529	0	2.571933529	12.36842105	12.36842105
2008	C2	1	16	5	1.285888083	0.322969299	3.879570237	0	3.879570237	12.01219512	12.01219512
2008	C2	1	16	15	1.286025056	0.298807827	3.348851808	0	3.348851808	11.20737648	11.20737648
2008	C2	1	16	30	1.292425194	0.290438204	3.503202186	0	3.503202186	12.06178161	12.06178161
2008	CC	2	21	5	1.127343999	0.245260613	3.068069503	0	3.068069503	12.50942606	12.50942606
2008	CC	2	21	15	1.299293244	0.213671328	2.493343096	0	2.493343096	11.66905787	11.66905787
2008	CC	2	21	30	1.487417409	0.190688781	2.325073926	0	2.325073926	12.19302949	12.19302949
2008	CC	2	21	5	1.375419796	0.209883648	2.465979882	0	2.465979882	11.74927114	11.74927114
2008	CC	2	21	15	1.430622513	0.219263896	2.648805183	0	2.648805183	12.08044383	12.08044383
2008	CC	2	21	30	1.406192772	0.208271416	2.66689008	0	2.66689008	12.80487805	12.80487805
2008	CC	2	21	5	1.273372147	0.185054537	2.071160194	0	2.071160194	11.19216113	11.19216113
2008	CC	2	21	15	1.36841334	0.171709716	2.059301667	0	2.059301667	11.99292453	11.99292453
2008	CC	2	21	30	1.500849594	0.134513849	1.628697318	0	1.628697318	12.10802701	12.10802701
2008	CC	2	21	5	1.574660966	0.208431868	2.380925498	0	2.380925498	11.42303969	11.42303969
2008	CC	2	21	15	1.593700751	0.183608065	2.232770969	0	2.232770969	12.16052776	12.16052776
2008	CC	2	21	30	1.451746826	0.186451659	2.156512658	0	2.156512658	11.56606852	11.56606852
2008	C2	2	22	5	1.046897201	0.240922564	2.913129194	0	2.913129194	12.09155817	12.09155817
2008	C2	2	22	15	1.305318929	0.23615224	2.773145361	0	2.773145361	11.74304069	11.74304069
2008	C2	2	22	30	1.366117056	0.198507915	2.380271021	0	2.380271021	11.99081164	11.99081164
2008	C2	2	22	5	1.267805116	0.2013576	2.452497133	0	2.452497133	12.17980914	12.17980914
2008	C2	2	22	15	1.421104775	0.197189229	2.279305239	0	2.279305239	11.55897436	11.55897436
2008	C2	2	22	30	1.324514043	0.213547846	2.498834585	0	2.498834585	11.70152091	11.70152091
2008	C2	2	22	5	1.326489504	0.18040463	2.007647263	0	2.007647263	11.12857945	11.12857945
2008	C2	2	22	15	1.426584583	0.178672926	1.972402998	0	1.972402998	11.03918228	11.03918228
2008	C2	2	22	30	1.44187266	0.173504769	1.9316594	0	1.9316594	11.13317757	11.13317757
2008	C2	2	22	5	1.416485022	0.191035463	2.117781903	0	2.117781903	11.08580508	11.08580508
2008	C2	2	22	15	1.488530149	0.178700212	1.878072447	0	1.878072447	10.50962627	10.50962627
2008	C2	2	22	30	1.458108716	0.174130588	1.919693444	0	1.919693444	11.02444703	11.02444703
2008	PF	2	23	5	1.257610325	0.213147394	2.530232942	0	2.530232942	11.8708134	11.8708134
2008	PF	2	23	15	1.386579093	0.203211765	2.314526755	0	2.314526755	11.3897281	11.3897281
2008	PF	2	23	30	1.564425484	0.178243099	2.094229465	0	2.094229465	11.74928775	11.74928775
2008	PF	2	23	5	1.349587681	0.220699275	2.534632987	0	2.534632987	11.48455509	11.48455509
2008	PF	2	23	15	1.423370908	0.194273843	2.18176646	0	2.18176646	11.23036649	11.23036649
2008	PF	2	23	30	1.457900087	0.21193791	2.479178313	0	2.479178313	11.69766333	11.69766333
2008	PF	2	23	5	1.551128528	0.212053543	2.437245362	0	2.437245362	11.49353758	11.49353758
2008	PF	2	23	15	1.235802764	0.208875564	2.497579593	0	2.497579593	11.95726081	11.95726081
2008	PF	2	23	30	1.346906236	0.198520286	2.351513995	0	2.351513995	11.84520759	11.84520759
2008	PF	2	23	5	1.409069049	0.218359375	2.670078125	0	2.670078125	12.22790698	12.22790698
2008	PF	2	23	15	1.415917669	0.22340094	2.724004167	0	2.724004167	12.19334245	12.19334245
2008	PF	2	23	30	1.496776999	0.197888401	2.558494934	0	2.558494934	12.92897875	12.92897875
2008	P	2	24	5	1.501236954	0.215965186	2.544580428	0	2.544580428	11.78236398	11.78236398
2008	P	2	24	15	1.438044011	0.159161186	1.789548279	0	1.789548279	11.24362245	11.24362245
2008	P	2	24	30	1.511423371	0.162990355	1.789141172	0	1.789141172	10.97697573	10.97697573
2008	P	2	24	5	1.40011588	0.198002505	2.277280725	0	2.277280725	11.50127226	11.50127226
2008	P	2	24	15	1.597102543	0.150085152	1.834598821	0	1.834598821	12.22371968	12.22371968
2008	P	2	24	30	1.558396101	0.141059028	1.486374142	0	1.486374142	10.53724928	10.53724928
2008	P	2	24	5	1.247984312	0.25517938	3.241933423	0	3.241933423	12.7045274	12.7045274
2008	P	2	24	15	1.374710832	0.238027778	2.981203704	0	2.981203704	12.52460419	12.52460419
2008	P	2	24	30	1.537266003	0.160494691	2.143315179	0	2.143315179	13.35443038	13.35443038
2008	P	2	24	5	1.377256147	0.286203567	3.604985978	0	3.604985978	12.59588068	12.59588068
2008	P	2	24	15	1.345881303	0.27303933	3.393691966	0	3.393691966	12.42931548	12.42931548
2008	P	2	24	30	1.417695145	0.199962134	2.577334928	0	2.577334928	12.88911495	12.88911495
2008	CCW	2	25	5	1.121091115	0.225992518	2.620864333	0	2.620864333	11.59712876	11.59712876
2008	CCW	2	25	15	1.429087905	0.204177293	2.473334111	0	2.473334111	12.11365902	12.11365902
2008	CCW	2	25	30	1.492178492	0.181589488	2.200592569	0	2.200592569	12.11850196	12.11850196
2008	CCW	2	25	5	1.497520689	0.211210624	2.492447209	0	2.492447209	11.80076628	11.80076628
2008	CCW	2	25	15	1.528422307	0.197820958	2.212071609	0	2.212071609	11.18219038	11.18219038
2008	CCW	2	25	30	1.584184896	0.149873296	1.892870427	0	1.892870427	12.62980445	12.62980445
2008	CCW	2	25	5	1.546883992	0.285739709	3.467734669	0	3.467734669	12.13599146	12.13599146
2008	CCW	2	25	15	1.439859826	0.272543994	3.308296203	0	3.308296203	12.13857678	12.13857678
2008	CCW	2	25	30	1.528119844	0.216915343	2.630392565	0	2.630392565	12.12635549	12.12635549
2008	CCW	2	25	5	1.484056325	0.288352387	3.587747444	0	3.587747444	12.44223249	12.44223249
2008	CCW	2	25	15	1.364584615	0.25764557	3.108628137	0	3.108628137	12.06552137	12.06552137
2008	CCW	2	25	30	1.529371494	0.176475287	2.015981485	0	2.015981485	11.42359094	11.42359094
2008	S2	2	26	5	1.205007013	0.20939515	2.392062988	0	2.392062988	11.42367906	11.42367906
2008	S2	2	26	15	1.283966189	0.214016577	2.544260169	0	2.544260169	11.88814532	11.88814532
2008	S2	2	26	30	1.596409159	0.151143017	1.66349168	0	1.66349168	11.00607698	11.00607698
2008	S2	2	26	5	1.121022532	0.281667293	3.37959812	0	3.37959812	11.99854651	11.99854651
2008	S2	2	26	15	1.371001677	0.259251614	2.966101204	0	2.966101204	11.44101346	11.44101346
2008	S2	2	26	30	1.452286415	0.205837047	2.49181974	0.951	1.54081974	12.10578842	7.485628864
2008	S2	2	26	5	1.053544724	0.2637325	3.09755	0.459	2.63855	11.74504469	10.00464486
2008	S2	2	26	15	1.431910847	0.261974617	3.015564511	0.565	2.450564511	11.51090343	9.354205929
2008	S2	2	26	30	1.598572842	0.196990442	2.506410687	1.075	1.431410687	12.72351421	7.26639665
2008	S2	2	26	5	1.028512771	0.274032282	3.199612019	0	3.199612019	11.67604049	11.67604049
2008	S2	2	26	15	1.269639881	0.2635143	3.14944243	0	3.14944243	11.95169459	11.95169459
2008	S2	2	26	30	1.471690161	0.200892097	2.295176813	0	2.295176813	11.42492339	11.42492339
2008	P	3	31	5	1.120564211	0.25481922	3.136393932	0	3.136393932	12.30830992	12.30830992
2008	P	3	31	15	1.423397818	0.200235313	2.331983854	0	2.331983854	11.64621677	11.64621677
2008	P	3	31	30	1.632657198	0.203702349	2.389625021	0	2.389625021	11.73096447	11.73096447
2008	P	3	31	5	1.256547074	0.231578616	2.692011708	0	2.692011708	11.62461266	11.62461266
2008	P	3	31	15	1.488734892	0.215658004	2.498389253	0	2.498389253	11.58495954	11.58495954
2008	P	3	31	30	1.56335644	0.149139245	1.635587849	0	1.635587849	10.96685083	10.96685083
2008	P	3	31	5	1.026127272	0.33752888	4.050966447	0	4.050966447	12.00183655	12.00183655
2008	P	3	31	15	1.301740062	0.28788801	3.485175727	0	3.485175727	12.1060121	12.1060121
2008	P	3	31	30	1.369927649	0.247677784	2.794603565	0	2.794603565	11.28322259	11.28322259
2008	P	3	31	5	1.073212078	0.334850134	4.058542539	0	4.058542539	12.1204746	12.1204746
2008	P	3	31	15	1.426759237	0.258863728	3.209501763	0	3.209501763	12.39842209	12.39842209
2008	P	3	31	30	1.368694314	0.209551684	2.432608315	0	2.432608315	11.60863168	11.60863168
2008	PF	3	32	5	1.229377543	0.215962529	2.41126156	0	2.41126156	11.16518484	11.16518484
2008	PF	3	32	15	1.596387171	0.198332333	2.29631971	0	2.29631971	11.57814096	11.57814096
2008	PF	3	32	30	1.643222607	0.147991446	1.608382773	0	1.608382773	10.86807929	10.86807929
2008	PF	3	32	5	1.420932265	0.212313387	2.512205776	0	2.512205776	11.83253589	11.83253589
2008	PF	3	32	15	1.546117317	0.209903246	2.341736257	0	2.341736257	11.15626512	11.15626512
2008	PF	3	32	30	1.532097315	0.15923169	1.817318195	0	1.817318195	11.41304348	11.41304348
2008	PF	3	32	5	1.196713251	0.263904789	3.450432177	0	3.450432177	13.07453416	13.07453416
2008	PF	3	32	15	1.240197845	0.283527215	3.592709478	0	3.592709478	12.67148014	12.67148014
2008	PF	3	32	30	1.496112428	0.171121699	2.150043157	0	2.150043157	12.56440983	12.56440983
2008	PF	3	32	5	1.226992731	0.264581598	3.253185634	0	3.253185634	12.29558541	12.29558541
2008	PF	3	32	15	1.272546282	0.252465935	2.986549183	0	2.986549183	11.82951347	11.82951347
2008	PF	3	32	30	1.429523387	0.215588002	2.810197767	0	2.810197767	13.03503788	13.03503788
2008	S2	3	33	5	1.121242132	0.247360713	2.838181581	0	2.838181581	11.47385755	11.47385755
2008	S2	3	33	15	1.378980989	0.221072136	2.586472705	0	2.586472705	11.69967757	11.69967757
2008	S2	3	33	30	1.427831684	0.186957845	2.258393613	0	2.258393613	12.07969432	12.07969432
2008	S2	3	33	5	1.193331641	0.202652956	2.436721134	0	2.436721134	12.02410849	12.02410849
2008	S2	3	33	15	1.418357523	0.245941212	2.980766832	0	2.980766832	12.11983471	12.11983471
2008	S2	3	33	30	1.565207057	0.174122694	2.093751524	0	2.093751524	12.02457578	12.02457578
2008	S2	3	33	5	1.255863159	0.245312897	2.788339143	0	2.788339143	11.36645963	11.36645963
2008	S2	3	33	15	1.383723086	0.190966748	2.38606857	0	2.38606857	12.49468085	12.49468085
2008	S2	3	33	30	1.492343081	0.160564895	2.052676218	0	2.052676218	12.78409091	12.78409091
2008	S2	3	33	5	1.354677923	0.203864497	2.265724267	0	2.265724267	11.11387369	11.11387369
2008	S2	3	33	15	1.422552326	0.195578741	2.274809351	0	2.274809351	11.63116883	11.63116883
2008	S2	3	33	30	1.587897651	0.152091863	1.594117925	0	1.594117925	10.48128342	10.48128342
2008	C2	3	34	5	1.216443857	0.24634064	3.00685002	0	3.00685002	12.20606564	12.20606564
2008	C2	3	34	15	1.312406914	0.234168767	2.878537466	0	2.878537466	12.29257642	12.29257642
2008	C2	3	34	30	1.45571203	0.207735572	2.63446943	0	2.63446943	12.68184067	12.68184067
2008	C2	3	34	5	1.241425949	0.264077938	3.280223049	0	3.280223049	12.42142026	12.42142026
2008	C2	3	34	15	1.351966366	0.23638556	2.922585109	0	2.922585109	12.36363636	12.36363636
2008	C2	3	34	30	1.431626572	0.229098022	2.888940465	0	2.888940465	12.61006289	12.61006289
2008	C2	3	34	5	1.239760286	0.196754192	2.129897111	0	2.129897111	10.82516761	10.82516761
2008	C2	3	34	15	1.42864822	0.200093237	2.30163285	0	2.30163285	11.50280183	11.50280183
2008	C2	3	34	30	1.50711499	0.167988834	1.878782227	0	1.878782227	11.18397086	11.18397086
2008	C2	3	34	5	1.417009447	0.20566979	2.299558966	0	2.299558966	11.18083004	11.18083004
2008	C2	3	34	15	1.506988461	0.187465861	2.140150808	0	2.140150808	11.41621622	11.41621622
2008	C2	3	34	30	1.584103477	0.169870132	1.966004467	0	1.966004467	11.57357357	11.57357357
2008	CC	3	35	5	1.168564359	0.251202752	3.197031728	0	3.197031728	12.72689769	12.72689769
2008	CC	3	35	15	1.364277594	0.243185882	2.948603333	0	2.948603333	12.12489522	12.12489522
2008	CC	3	35	30	1.407407061	0.218158294	2.992382425	0	2.992382425	13.71656499	13.71656499
2008	CC	3	35	5	1.487200705	0.191772407	2.319108181	0	2.319108181	12.09302326	12.09302326
2008	CC	3	35	15	1.492065993	0.192353195	2.285334322	0	2.285334322	11.88092729	11.88092729
2008	CC	3	35	30	1.497578765	0.208891589	2.564961349	0	2.564961349	12.27891156	12.27891156
2008	CC	3	35	5	1.231061916	0.226780027	2.604221039	0	2.604221039	11.48346738	11.48346738
2008	CC	3	35	15	1.328899928	0.184816298	2.117518608	0	2.117518608	11.45742358	11.45742358
2008	CC	3	35	30	1.550745747	0.175467515	2.145396417	0	2.145396417	12.22674419	12.22674419
2008	CC	3	35	5	1.189858886	0.198709836	2.254942236	0	2.254942236	11.34791455	11.34791455
2008	CC	3	35	15	1.44197164	0.185073302	2.077147113	0	2.077147113	11.2233752	11.2233752
2008	CC	3	35	30	1.497475297	0.20020595	2.518262909	0	2.518262909	12.57836198	12.57836198
2008	CCW	3	36	5	1.379546311	0.169832745	2.007939407	0	2.007939407	11.82304038	11.82304038
2008	CCW	3	36	15	1.498567091	0.15949709	1.799894377	0	1.799894377	11.28481013	11.28481013
2008	CCW	3	36	30	1.522110346	0.176796748	2.14123887	0	2.14123887	12.11130235	12.11130235
2008	CCW	3	36	5	1.336815511	0.138577887	1.498739006	0	1.498739006	10.81513828	10.81513828
2008	CCW	3	36	15	1.571482333	0.136342117	1.412762108	0	1.412762108	10.36189069	10.36189069
2008	CCW	3	36	30	1.540815172	0.12075402	1.354061812	0	1.354061812	11.21338912	11.21338912
2008	CCW	3	36	5	1.622874049	0.11425307	1.236147752	0	1.236147752	10.81938326	10.81938326
2008	CCW	3	36	15	1.5833857	0.111319232	1.173582497	0	1.173582497	10.54249548	10.54249548
2008	CCW	3	36	30	1.792032548	0.089240965	0.928670083	0	0.928670083	10.40632054	10.40632054
2008	CCW	3	36	5	1.83091761	0.155797094	1.62028978	0	1.62028978	10.4	10.4
2008	CCW	3	36	15	1.490025815	0.10203009	1.107927928	0	1.107927928	10.85883514	10.85883514
2008	CCW	3	36	30	1.728085068	0.139899584	1.410090981	0	1.410090981	10.07930786	10.07930786
2008	PF	4	41	5	1.384640849	0.271160896	3.181553221	0	3.181553221	11.73308271	11.73308271
2008	PF	4	41	15	1.366025133	0.240284161	2.769843301	0	2.769843301	11.52736529	11.52736529
2008	PF	4	41	30	1.55996956	0.179775071	2.351220145	0	2.351220145	13.07867731	13.07867731
2008	PF	4	41	5	1.485954477	0.080052861	0.984923443	0	0.984923443	12.3034134	12.3034134
2008	PF	4	41	15	1.516449312	0.202234761	2.321241665	0	2.321241665	11.47795591	11.47795591
2008	PF	4	41	30	1.655523102	0.136321299	1.891039314	0	1.891039314	13.87192852	13.87192852
2008	PF	4	41	5	1.094684984	0.266295382	3.209226933	0	3.209226933	12.05138037	12.05138037
2008	PF	4	41	15	1.434781506	0.254583395	3.075833078	0	3.075833078	12.08182912	12.08182912
2008	PF	4	41	30	1.496418685	0.198803088	2.278142915	0	2.278142915	11.45929339	11.45929339
2008	PF	4	41	5	1.097273001	0.261377622	3.239164522	0	3.239164522	12.39266198	12.39266198
2008	PF	4	41	15	1.317345963	0.272462208	3.255097744	0	3.255097744	11.9469697	11.9469697
2008	PF	4	41	30	1.391875138	0.242871823	2.842645492	0	2.842645492	11.70430337	11.70430337
2008	CCW	4	42	5	1.151634141	0.205508258	2.387372052	0	2.387372052	11.61691542	11.61691542
2008	CCW	4	42	15	1.384191418	0.196792033	2.259768566	0	2.259768566	11.48302872	11.48302872
2008	CCW	4	42	30	1.40718412	0.186213801	2.315230604	0	2.315230604	12.43318486	12.43318486
2008	CCW	4	42	5	1.391707197	0.217408263	2.626079107	0	2.626079107	12.07902164	12.07902164
2008	CCW	4	42	15	1.49387352	0.21055384	2.448252743	0	2.448252743	11.62768031	11.62768031
2008	CCW	4	42	30	1.444436847	0.155210135	1.770301273	0	1.770301273	11.40583554	11.40583554
2008	CCW	4	42	5	1.017519983	0.223781924	2.625489117	0	2.625489117	11.73235564	11.73235564
2008	CCW	4	42	15	1.354527529	0.209432576	2.464214015	0	2.464214015	11.76614481	11.76614481
2008	CCW	4	42	30	1.481250024	0.1893455	2.260228434	0	2.260228434	11.93705914	11.93705914
2008	CCW	4	42	5	1.383687905	0.194535835	2.278264819	0	2.278264819	11.71128609	11.71128609
2008	CCW	4	42	15	1.603927584	0.18054159	2.086938376	0	2.086938376	11.55932203	11.55932203
2008	CCW	4	42	30	1.571554328	0.122234374	1.370568143	0	1.370568143	11.21262458	11.21262458
2008	CC	4	43	5	1.471216369	0.180730942	2.044417021	0	2.044417021	11.31193694	11.31193694
2008	CC	4	43	15	1.378733392	0.162648836	1.860009264	0	1.860009264	11.43573668	11.43573668
2008	CC	4	43	30	1.584489911	0.100962227	1.150949054	0	1.150949054	11.39979859	11.39979859
2008	CC	4	43	5	1.646761128	0.19057868	2.229526227	0	2.229526227	11.69871795	11.69871795
2008	CC	4	43	15	1.514690768	0.177204309	2.089027134	0	2.089027134	11.78880554	11.78880554
2008	CC	4	43	30	1.509935669	0.118689388	1.462915706	0	1.462915706	12.3255814	12.3255814
2008	CC	4	43	5	1.154162275	0.186487728	2.106790759	0	2.106790759	11.29720854	11.29720854
2008	CC	4	43	15	1.335104234	0.107718312	1.158942749	0	1.158942749	10.75901328	10.75901328
2008	CC	4	43	30	1.680455872	0.169280956	1.846886859	0	1.846886859	10.91018686	10.91018686
2008	CC	4	43	5	1.211033177	0.253727577	3.064939314	0	3.064939314	12.07964602	12.07964602
2008	CC	4	43	15	1.428393729	0.203521011	2.257715524	0	2.257715524	11.09327984	11.09327984
2008	CC	4	43	30	1.630405666	0.140211672	1.627147794	0	1.627147794	11.60493827	11.60493827
2008	S2	4	44	5	0.99267944	0.187268785	2.150950575	0	2.150950575	11.48590022	11.48590022
2008	S2	4	44	15	1.501363488	0.165157454	1.936328773	0	1.936328773	11.72413793	11.72413793
2008	S2	4	44	30	1.628191232	0.155818651	1.818725793	0	1.818725793	11.6720674	11.6720674
2008	S2	4	44	5	1.370304648	0.153533171	1.720299253	0	1.720299253	11.20473996	11.20473996
2008	S2	4	44	15	1.543862008	0.160275403	1.712559306	0	1.712559306	10.68510371	10.68510371
2008	S2	4	44	30	1.452307745	0.150344889	1.801905316	0	1.801905316	11.98514517	11.98514517
2008	S2	4	44	5	1.099831149	0.239928064	2.711439675	0	2.711439675	11.30105263	11.30105263
2008	S2	4	44	15	1.403268834	0.228703517	2.559253068	0	2.559253068	11.19026549	11.19026549
2008	S2	4	44	30	1.508996611	0.216129544	2.522016561	0	2.522016561	11.66900421	11.66900421
2008	S2	4	44	5	1.434708893	0.212515061	2.288623729	0	2.288623729	10.76923077	10.76923077
2008	S2	4	44	15	1.510719213	0.206876145	2.223766589	0	2.223766589	10.74926543	10.74926543
2008	S2	4	44	30	1.602784135	0.147287807	1.623916499	0	1.623916499	11.02546456	11.02546456
2008	C2	4	45	5	1.624555305	0.126878365	1.418822356	0	1.418822356	11.18253968	11.18253968
2008	C2	4	45	15	1.550772879	0.115960553	1.273450381	0	1.273450381	10.981755	10.981755
2008	C2	4	45	30	1.595064165	0.123165303	1.294943516	0	1.294943516	10.51386623	10.51386623
2008	C2	4	45	5	1.47695159	0.110813779	1.080058277	0	1.080058277	9.746606335	9.746606335
2008	C2	4	45	15	1.474170342	0.10649471	1.107063647	0	1.107063647	10.39548023	10.39548023
2008	C2	4	45	30	1.546461329	0.107441359	1.135722501	0	1.135722501	10.57062675	10.57062675
2008	C2	4	45	5	1.198854862	0.186164499	2.118039216	0	2.118039216	11.37724551	11.37724551
2008	C2	4	45	15	1.347013321	0.183293151	2.049347477	0	2.049347477	11.18070953	11.18070953
2008	C2	4	45	30	1.518512234	0.147698014	1.713901869	0	1.713901869	11.60409556	11.60409556
2008	C2	4	45	5	1.23408357	0.200434185	2.148227836	0	2.148227836	10.71787149	10.71787149
2008	C2	4	45	15	1.443745018	0.16512235	1.879047989	0	1.879047989	11.37973138	11.37973138
2008	C2	4	45	30	1.411879634	0.17612122	2.047497699	0	2.047497699	11.62550258	11.62550258
2008	P	4	46	5	1.244283667	0.143169773	1.492191999	0	1.492191999	10.42253521	10.42253521
2008	P	4	46	15	1.462511321	0.121869395	1.260091173	0	1.260091173	10.33968517	10.33968517
2008	P	4	46	30	1.487655236	0.125143727	1.348872775	0	1.348872775	10.77858881	10.77858881
2008	P	4	46	5	1.224428982	0.156794891	1.643670846	0	1.643670846	10.48293625	10.48293625
2008	P	4	46	15	1.593063373	0.151879678	1.616881531	0	1.616881531	10.64580559	10.64580559
2008	P	4	46	30	1.431688543	0.154297222	1.676527849	0	1.676527849	10.86557377	10.86557377
2008	P	4	46	5	1.467870517	0.180799263	2.008094662	0	2.008094662	11.10676356	11.10676356
2008	P	4	46	15	1.575728672	0.143846631	1.570983246	0	1.570983246	10.92123769	10.92123769
2008	P	4	46	30	1.596098341	0.140999835	1.702524922	0	1.702524922	12.07465901	12.07465901
2008	P	4	46	5	1.306042789	0.156314803	1.629793879	0	1.629793879	10.42635659	10.42635659
2008	P	4	46	15	1.621163276	0.138866336	1.419903245	0	1.419903245	10.22496372	10.22496372
2008	P	4	46	30	1.689308518	0.128366038	1.252449811	0	1.252449811	9.756862745	9.756862745
